1166
1144
1117
1113
1102
1090
1055
1034
999
995
994
992
976
959
958
956
950
948
941
929
923
914
972
947
952
835
831
801
790
779
754
752
748
721
724
703
682
669
668
666
638
632
596
594
592
580
561
550
546
528
502
498
479
464
444
420
418
416
414
412
408
404
391
378
372
357
355
354
346
344
340
334
327
325
318
316
310
312
286
273
270
269
266
263
259
249
237
236
212
179
183
178
175
174
171
170
151
166
146
141
134
131
128
127
125
119
113
111
104
103
102
101
100
99
98
97
96
95
92
88
79
77
70
69
68
66
62
60
59
55
54
50
37
36
29
1379
1376
1371
1364
1359
1322
1296
1299
1287
1282
1262
1265
1252
1254
1241
1239
1177
1183
1184
1166
